7 7
(4,5)(3,5)(1,5)(3,4)(5,2)(3,2)(2,2)(1,2)(5,1)(3,1)
7
0
p: 6 3
g: 0
c: 1
1 2 4

7
1
p: 5 3
g: 0
c: 1
1 2 4

7
2
p: 4 3
g: 0
c: 1
1 2 4

7
3
p: 3 3
g: 0
c: 1
1 2 4

7
4
p: 2 3
g: 0
c: 1
1 2 4

7
5
p: 2 4
g: 0
c: 1
0 2 4

7
6
p: 2 4
g: 0
c: 1
0 2 4

7
7
p: 2 4
g: 0
c: 1
0 2 4

7
8
p: 2 4
g: 0
c: 1
0 2 4

7
9
p: 2 4
g: 0
c: 1
0 2 4

7
10
p: 2 4
g: 0
c: 1
0 2 4

7
11
p: 2 4
g: 0
c: 1
0 2 4

7
12
p: 2 4
g: 0
c: 1
0 2 4

7
13
p: 2 4
g: 0
c: 1
0 2 4

7
14
p: 2 4
g: 0
c: 1
0 2 4

7
15
p: 2 4
g: 0
c: 1
0 2 4

7
16
p: 2 4
g: 0
c: 1
0 2 4

7
17
p: 2 4
g: 0
c: 1
0 2 4

7
18
p: 2 4
g: 0
c: 1
0 2 4

7
19
p: 2 4
g: 0
c: 1
0 2 4

