10 10
(1,1)(6,1)(7,1)(1,2)(2,2)(4,2)(6,2)(1,3)(4,3)(6,3)(4,4)(6,4)(8,4)(1,5)(2,5)(2,6)(6,6)(7,6)(4,7)(7,7)(9,7)(2,8)(3,8)(4,8)(7,9)
7
0
p: 2 4
g: 0
c: 1
1 6 7

7
1
p: 3 4
g: 0
c: 1
1 6 7

7
2
p: 3 5
g: 0
c: 1
1 6 7

7
3
p: 4 5
g: 0
c: 1
1 6 7

7
4
p: 5 5
g: 0
c: 1
1 6 7

7
5
p: 5 6
g: 0
c: 1
1 6 7

7
6
p: 5 7
g: 0
c: 1
1 6 7

7
7
p: 6 7
g: 0
c: 1
0 6 7

7
8
p: 6 7
g: 0
c: 1
0 6 7

7
9
p: 6 7
g: 0
c: 1
0 6 7

7
10
p: 6 7
g: 0
c: 1
0 6 7

7
11
p: 6 7
g: 0
c: 1
0 6 7

7
12
p: 6 7
g: 0
c: 1
0 6 7

7
13
p: 6 7
g: 0
c: 1
0 6 7

7
14
p: 6 7
g: 0
c: 1
0 6 7

7
15
p: 6 7
g: 0
c: 1
0 6 7

7
16
p: 6 7
g: 0
c: 1
0 6 7

7
17
p: 6 7
g: 0
c: 1
0 6 7

7
18
p: 6 7
g: 0
c: 1
0 6 7

7
19
p: 6 7
g: 0
c: 1
0 6 7

