7 7
(5,2)(5,3)(5,5)(4,3)(2,1)(2,3)(2,4)(2,5)(1,1)(1,3)
7
0
p: 6 0
g: 0
c: 1
1 4 4

7
1
p: 6 1
g: 0
c: 1
1 4 4

7
2
p: 6 2
g: 0
c: 1
1 4 4

7
3
p: 6 3
g: 0
c: 1
1 4 4

7
4
p: 6 4
g: 0
c: 1
1 4 4

7
5
p: 5 4
g: 0
c: 1
1 4 4

7
6
p: 4 4
g: 0
c: 1
0 4 4

7
7
p: 4 4
g: 0
c: 1
0 4 4

7
8
p: 4 4
g: 0
c: 1
0 4 4

7
9
p: 4 4
g: 0
c: 1
0 4 4

7
10
p: 4 4
g: 0
c: 1
0 4 4

7
11
p: 4 4
g: 0
c: 1
0 4 4

7
12
p: 4 4
g: 0
c: 1
0 4 4

7
13
p: 4 4
g: 0
c: 1
0 4 4

7
14
p: 4 4
g: 0
c: 1
0 4 4

7
15
p: 4 4
g: 0
c: 1
0 4 4

7
16
p: 4 4
g: 0
c: 1
0 4 4

7
17
p: 4 4
g: 0
c: 1
0 4 4

7
18
p: 4 4
g: 0
c: 1
0 4 4

7
19
p: 4 4
g: 0
c: 1
0 4 4

