7 7
(1,4)(1,3)(1,1)(2,3)(4,5)(4,3)(4,2)(4,1)(5,5)(5,3)
7
0
p: 0 3
g: 0
c: 1
1 2 2

7
1
p: 0 2
g: 0
c: 1
1 2 2

7
2
p: 1 2
g: 0
c: 1
1 2 2

7
3
p: 2 2
g: 0
c: 1
0 2 2

7
4
p: 2 2
g: 0
c: 1
0 2 2

7
5
p: 2 2
g: 0
c: 1
0 2 2

7
6
p: 2 2
g: 0
c: 1
0 2 2

7
7
p: 2 2
g: 0
c: 1
0 2 2

7
8
p: 2 2
g: 0
c: 1
0 2 2

7
9
p: 2 2
g: 0
c: 1
0 2 2

7
10
p: 2 2
g: 0
c: 1
0 2 2

7
11
p: 2 2
g: 0
c: 1
0 2 2

7
12
p: 2 2
g: 0
c: 1
0 2 2

7
13
p: 2 2
g: 0
c: 1
0 2 2

7
14
p: 2 2
g: 0
c: 1
0 2 2

7
15
p: 2 2
g: 0
c: 1
0 2 2

7
16
p: 2 2
g: 0
c: 1
0 2 2

7
17
p: 2 2
g: 0
c: 1
0 2 2

7
18
p: 2 2
g: 0
c: 1
0 2 2

7
19
p: 2 2
g: 0
c: 1
0 2 2

