10 10
(1,8)(1,3)(1,2)(2,8)(2,7)(2,5)(2,3)(3,8)(3,5)(3,3)(4,5)(4,3)(4,1)(5,8)(5,7)(6,7)(6,3)(6,2)(7,5)(7,2)(7,0)(8,7)(8,6)(8,5)(9,2)
7
0
p: 4 9
g: 0
c: 1
1 7 3

7
1
p: 4 8
g: 0
c: 1
1 7 3

7
2
p: 4 7
g: 0
c: 1
1 7 3

7
3
p: 4 6
g: 0
c: 1
1 7 3

7
4
p: 5 6
g: 0
c: 1
1 7 3

7
5
p: 6 6
g: 0
c: 1
1 7 3

7
6
p: 6 5
g: 0
c: 1
1 7 3

7
7
p: 6 4
g: 0
c: 1
1 7 3

7
8
p: 7 4
g: 0
c: 1
1 7 3

7
9
p: 7 3
g: 0
c: 1
0 7 3

7
10
p: 7 3
g: 0
c: 1
0 7 3

7
11
p: 7 3
g: 0
c: 1
0 7 3

7
12
p: 7 3
g: 0
c: 1
0 7 3

7
13
p: 7 3
g: 0
c: 1
0 7 3

7
14
p: 7 3
g: 0
c: 1
0 7 3

7
15
p: 7 3
g: 0
c: 1
0 7 3

7
16
p: 7 3
g: 0
c: 1
0 7 3

7
17
p: 7 3
g: 0
c: 1
0 7 3

7
18
p: 7 3
g: 0
c: 1
0 7 3

7
19
p: 7 3
g: 0
c: 1
0 7 3

