7
0
p: 3 2
g: 0
c: 1
1 6 0

7
1
p: 4 2
g: 0
c: 1
1 6 0

7
2
p: 5 2
g: 0
c: 1
1 6 0

7
3
p: 6 2
g: 0
c: 1
1 6 0

7
4
p: 6 1
g: 0
c: 1
1 6 0

7
5
p: 6 0
g: 0
c: 1
0 6 0

7
6
p: 6 0
g: 0
c: 1
0 6 0

7
7
p: 6 0
g: 0
c: 1
0 6 0

7
8
p: 6 0
g: 0
c: 1
0 6 0

7
9
p: 6 0
g: 0
c: 1
0 6 0

7
10
p: 6 0
g: 0
c: 1
0 6 0

7
11
p: 6 0
g: 0
c: 1
0 6 0

7
12
p: 6 0
g: 0
c: 1
0 6 0

7
13
p: 6 0
g: 0
c: 1
0 6 0

7
14
p: 6 0
g: 0
c: 1
0 6 0

