7 7
(2,1)(3,1)(5,1)(3,2)(1,4)(3,4)(4,4)(5,4)(1,5)(3,5)
7
0
p: 0 0
g: 0
c: 1
1 4 2

7
1
p: 1 0
g: 0
c: 1
1 4 2

7
2
p: 2 0
g: 0
c: 1
1 4 2

7
3
p: 3 0
g: 0
c: 1
1 4 2

7
4
p: 4 0
g: 0
c: 1
1 4 2

7
5
p: 4 1
g: 0
c: 1
1 4 2

7
6
p: 4 2
g: 0
c: 1
0 4 2

7
7
p: 4 2
g: 0
c: 1
0 4 2

7
8
p: 4 2
g: 0
c: 1
0 4 2

7
9
p: 4 2
g: 0
c: 1
0 4 2

7
10
p: 4 2
g: 0
c: 1
0 4 2

7
11
p: 4 2
g: 0
c: 1
0 4 2

7
12
p: 4 2
g: 0
c: 1
0 4 2

7
13
p: 4 2
g: 0
c: 1
0 4 2

7
14
p: 4 2
g: 0
c: 1
0 4 2

7
15
p: 4 2
g: 0
c: 1
0 4 2

7
16
p: 4 2
g: 0
c: 1
0 4 2

7
17
p: 4 2
g: 0
c: 1
0 4 2

7
18
p: 4 2
g: 0
c: 1
0 4 2

7
19
p: 4 2
g: 0
c: 1
0 4 2

