10 10
(8,1)(8,6)(8,7)(7,1)(7,2)(7,4)(7,6)(6,1)(6,4)(6,6)(5,4)(5,6)(5,8)(4,1)(4,2)(3,2)(3,6)(3,7)(2,4)(2,7)(2,9)(1,2)(1,3)(1,4)(0,7)
7
0
p: 5 2
g: 0
c: 1
1 2 6

7
1
p: 5 3
g: 0
c: 1
1 2 6

7
2
p: 4 3
g: 0
c: 1
1 2 6

7
3
p: 3 3
g: 0
c: 1
1 2 6

7
4
p: 3 4
g: 0
c: 1
1 2 6

7
5
p: 3 5
g: 0
c: 1
1 2 6

7
6
p: 2 5
g: 0
c: 1
1 2 6

7
7
p: 2 6
g: 0
c: 1
0 2 6

7
8
p: 2 6
g: 0
c: 1
0 2 6

7
9
p: 2 6
g: 0
c: 1
0 2 6

7
10
p: 2 6
g: 0
c: 1
0 2 6

7
11
p: 2 6
g: 0
c: 1
0 2 6

7
12
p: 2 6
g: 0
c: 1
0 2 6

7
13
p: 2 6
g: 0
c: 1
0 2 6

7
14
p: 2 6
g: 0
c: 1
0 2 6

7
15
p: 2 6
g: 0
c: 1
0 2 6

7
16
p: 2 6
g: 0
c: 1
0 2 6

7
17
p: 2 6
g: 0
c: 1
0 2 6

7
18
p: 2 6
g: 0
c: 1
0 2 6

7
19
p: 2 6
g: 0
c: 1
0 2 6

