10 10
(8,8)(3,8)(2,8)(8,7)(7,7)(5,7)(3,7)(8,6)(5,6)(3,6)(5,5)(3,5)(1,5)(8,4)(7,4)(7,3)(3,3)(2,3)(5,2)(2,2)(0,2)(7,1)(6,1)(5,1)(2,0)
7
0
p: 2 9
g: 0
c: 1
1 3 2

7
1
p: 2 9
g: 0
c: 1
1 3 2

7
2
p: 1 9
g: 0
c: 1
1 3 2

7
3
p: 1 8
g: 0
c: 1
1 3 2

7
4
p: 1 7
g: 0
c: 1
1 3 2

7
5
p: 1 6
g: 0
c: 1
1 3 2

7
6
p: 2 6
g: 0
c: 1
1 3 2

7
7
p: 2 5
g: 0
c: 1
1 3 2

7
8
p: 2 4
g: 0
c: 1
1 3 2

7
9
p: 3 4
g: 0
c: 1
1 3 2

7
10
p: 4 4
g: 0
c: 1
1 3 2

7
11
p: 4 3
g: 0
c: 1
1 3 2

7
12
p: 4 2
g: 0
c: 1
1 3 2

7
13
p: 3 2
g: 0
c: 1
0 3 2

7
14
p: 3 2
g: 0
c: 1
0 3 2

7
15
p: 3 2
g: 0
c: 1
0 3 2

7
16
p: 3 2
g: 0
c: 1
0 3 2

7
17
p: 3 2
g: 0
c: 1
0 3 2

7
18
p: 3 2
g: 0
c: 1
0 3 2

7
19
p: 3 2
g: 0
c: 1
0 3 2

