10 10
(1,8)(6,8)(7,8)(1,7)(2,7)(4,7)(6,7)(1,6)(4,6)(6,6)(4,5)(6,5)(8,5)(1,4)(2,4)(2,3)(6,3)(7,3)(4,2)(7,2)(9,2)(2,1)(3,1)(4,1)(7,0)
7
0
p: 4 4
g: 0
c: 1
1 6 2

7
1
p: 5 4
g: 0
c: 1
1 6 2

7
2
p: 6 4
g: 0
c: 1
1 6 2

7
3
p: 5 4
g: 0
c: 1
1 6 2

7
4
p: 5 3
g: 0
c: 1
1 6 2

7
5
p: 5 2
g: 0
c: 1
1 6 2

7
6
p: 6 2
g: 0
c: 1
0 6 2

7
7
p: 6 2
g: 0
c: 1
0 6 2

7
8
p: 6 2
g: 0
c: 1
0 6 2

7
9
p: 6 2
g: 0
c: 1
0 6 2

7
10
p: 6 2
g: 0
c: 1
0 6 2

7
11
p: 6 2
g: 0
c: 1
0 6 2

7
12
p: 6 2
g: 0
c: 1
0 6 2

7
13
p: 6 2
g: 0
c: 1
0 6 2

7
14
p: 6 2
g: 0
c: 1
0 6 2

7
15
p: 6 2
g: 0
c: 1
0 6 2

7
16
p: 6 2
g: 0
c: 1
0 6 2

7
17
p: 6 2
g: 0
c: 1
0 6 2

7
18
p: 6 2
g: 0
c: 1
0 6 2

7
19
p: 6 2
g: 0
c: 1
0 6 2

