10 10
(8,1)(3,1)(2,1)(8,2)(7,2)(5,2)(3,2)(8,3)(5,3)(3,3)(5,4)(3,4)(1,4)(8,5)(7,5)(7,6)(3,6)(2,6)(5,7)(2,7)(0,7)(7,8)(6,8)(5,8)(2,9)
7
0
p: 0 5
g: 0
c: 1
1 3 7

7
1
p: 0 5
g: 0
c: 1
1 3 7

7
2
p: 1 5
g: 0
c: 1
1 3 7

7
3
p: 2 5
g: 0
c: 1
1 3 7

7
4
p: 3 5
g: 0
c: 1
1 3 7

7
5
p: 4 5
g: 0
c: 1
1 3 7

7
6
p: 4 6
g: 0
c: 1
1 3 7

7
7
p: 4 7
g: 0
c: 1
1 3 7

7
8
p: 3 7
g: 0
c: 1
0 3 7

7
9
p: 3 7
g: 0
c: 1
0 3 7

7
10
p: 3 7
g: 0
c: 1
0 3 7

7
11
p: 3 7
g: 0
c: 1
0 3 7

7
12
p: 3 7
g: 0
c: 1
0 3 7

7
13
p: 3 7
g: 0
c: 1
0 3 7

7
14
p: 3 7
g: 0
c: 1
0 3 7

7
15
p: 3 7
g: 0
c: 1
0 3 7

7
16
p: 3 7
g: 0
c: 1
0 3 7

7
17
p: 3 7
g: 0
c: 1
0 3 7

7
18
p: 3 7
g: 0
c: 1
0 3 7

7
19
p: 3 7
g: 0
c: 1
0 3 7

