7
0
p: 0 1
g: 0
c: 1
1 6 0

7
1
p: 0 1
g: 0
c: 1
1 6 0

7
2
p: 0 0
g: 0
c: 1
1 6 0

7
3
p: 1 0
g: 0
c: 1
1 6 0

7
4
p: 2 0
g: 0
c: 1
1 6 0

7
5
p: 3 0
g: 0
c: 1
1 6 0

7
6
p: 4 0
g: 0
c: 1
1 6 0

7
7
p: 5 0
g: 0
c: 1
1 6 0

7
8
p: 6 0
g: 0
c: 1
0 6 0

7
9
p: 6 0
g: 0
c: 1
0 6 0

7
10
p: 6 0
g: 0
c: 1
0 6 0

7
11
p: 6 0
g: 0
c: 1
0 6 0

7
12
p: 6 0
g: 0
c: 1
0 6 0

7
13
p: 6 0
g: 0
c: 1
0 6 0

7
14
p: 6 0
g: 0
c: 1
0 6 0

